SELECT user_name,count(distinct strsrc_ip ) as q
from test_dw_ods.ods_nf_other_log_tmp_072207
group by user_name
order by q desc


juf44251286	2
038734442	2
gjf20330985	2
haa33324551	2
exa25310736	2
032752371	2
lya34805893	2
tjf40337328	2
zaf20349451	2
689163	2
036763642	2
lva32720894	2
021204944	1
021215478	1
021267815	1
021404254	1
021444164	1
021483296	1
021516769	1
021526929	1
021552847	1
021558275	1
021558402	1
021832095	1
021867552	1
021871072	1
0218746501	1
021900335	1
021903519	1
021932409	1
023280471	1
023294037	1
023573347	1
023872234	1
023942635	1
023958183	1
023972575	1
023972581	1
024300658	1
024333056	1
024340143	1
024343612	1
024347970	1
024430113	1
024433436	1
024437487	1
024493456	1
024556604	1
024706711	1
024715796	1
024760545	1
024761802	1
024772128	1
024775046	1
024845772	1
024851405	1
024912876	1
024922211	1
024935485	1
024981455	1
025222536	1
025244970	1
025251449	1
025258007	1
025263174	1
025267067	1
025292080	1
025308755	1
025309397	1
025311443	1
025319142	1
025334537	1
025386012	1
025393803	1
025423187	1
025455456	1
025460609	1
025467703	1
025469642	1
025559592	1
025574971	1
025576920	1
025595796	1
025732261	1
025748144	1
025751836	1
025752477	1
025775259	1
025777697	1
026121703	1
026149549	1
026157079	1
026214388	1
026241126	1
026284730	1
026343301	1
026381572	1
026409765	1
026493191	1
026708009	1
026710336	1
026756336	1
026781136	1
026788382	1
026795757	1
026831114	1
026846154	1
026877516	1
026967516	1
026974438	1
027427107	1
027430168	1
027448726	1
027453343	1
027515279	1
027572454	1
027621527	1
027633380	1
027635308	1
027728305	1
027734257	1
027744224	1
027776076	1
027787213	1
027796423	1
027870459	1
027872485	1
027875878	1
027926615	1
027927588	1
027984085	1
027986059	1
029112012	1
029122926	1
029127648	1
029130902	1
029209667	1
029214868	1
029239093	1
029240598	1
029248926	1
029261680	1
029264522	1
029298478	1
029316159	1
029317240	1
029325045	1
029350263	1
029364317	1
029374039	1
029382083	1
029390247	1
029613621	1
029615236	1
029702568	1
029712151	1
029714847	1
029788357	1
029799239	1
029933011	1
029965276	1
031425009	1
031427849	1
031445893	1
031446357	1
031466790	1
031483132	1
031497248	1
032102069	1
032113434	1
032115174	1
032116815	1
032136274	1
032137183	1
032227360	1
032229433	1
032277828	1
032403264	1
032500234	1
032507241	1
032560175	1
032589127	1
032683527	1
032685871	1
032688796	1
032698002	1
032699266	1
032700236	1
032703493	1
032708363	1
032708676	1
032729763	1
032732029	1
032735225	1
032735296	1
032737349	1
032737395	1
032741058	1
032746047	1
032771132	1




SELECT user_name,count(distinct strsrc_ip ) as q
from test_dw_ods.ods_nf_other_log_tmp_072212
group by user_name
order by q desc







lva32720894	2
038734442	2
036605167	2
juf44251286	2
036763642	2
zaf20349451	2
gjf20330985	2
032752371	2
689163	2
0037282268	1
021203974	1
021204944	1
021211490	1
021215478	1
021216137	1
021219535	1
021221580	1
021221733	1
021223764	1
021266861	1
021267257	1
021267815	1
021268476	1
021268482	1
021272966	1
021274406	1
021275138	1
021278847	1
021284659	1
021287534	1
021297018	1
021299764	1
021308936	1
021310128	1
021311170	1
021312309	1
021312400	1
021312601	1
021312761	1
021313248	1
021313920	1
021320473	1
021333709	1
021335199	1
021357411	1
021357569	1
021374014	1
021386027	1
021404254	1
021417965	1
021437480	1
021438571	1
021444164	1
021448177	1
021461834	1
021480134	1
021481824	1
021483296	1
021516557	1
021516769	1
021526929	1
021527165	1
021529856	1
021531002	1
021534503	1
021550944	1
021558275	1
021558402	1
021583098	1
021680142	1
021690009	1
021697837	1
021706946	1
021734431	1
021750584	1
021767078	1
021771889	1
021795327	1
021796253	1
021796402	1
021797624	1
021810357	1
021811117	1
021811358	1
021831344	1
021832095	1
021847863	1
021848788	1
021851265851265	1
021851833	1
021863256	1
021864991	1
021865135	1
021867257	1
021867552	1
021871072	1
021874636	1
0218746501	1
021874932	1
021901257	1
021907872	1
021908968	1
021912413	1
021917948	1
021924259	1
021927412	1
021927432	1
021932409	1
021934072	1
021934958	1
021935851	1
021936827	1
021941635	1
021947362	1
021947946	1
021957622	1
021957803	1
021969928	1
021970602	1
021974607	1
021976891	1
023131147	1
023131185	1
023131333	1
023150195	1
023184316	1
023184825	1
023196101	1
023234835	1
023270932	1
023280198	1
023280471	1
023294037	1
023298545	1
023301018	1
023301424	1
023320231	1
023321599	1
023327110	1
023353222	1
023359309	1
023359372	1
023366422	1
023367023	1
023521925	1
023522143	1
023536355	1
023573347	1
023576720	1
023579596	1
023713781	1
023744001	1
023744069	1
023745805	1
023781314	1
023781740	1
023793418	1
023803149	1
023805001	1
023851623	1
023871984	1
023872234	1
023875287	1
023898075	1
023940589	1
023942264	1
023942635	1
023948028	1
023949005	1
023952326	1
023958183	1
023960251	1
023972575	1
023972581	1
023973209	1
023977079	1
024281020	1
024300658	1
024300922	1
024302074	1
024302345	1
024303594	1
024304130	1
024309887	1
024312285	1
024312445	1
024328454	1
024330010	1
024330472	1
024333056	1
024333956	1
024337121	1
024337302	1
024344461	1
024361012	1
024362215	1
024366207	1
024369945	1
024377213	1
024380926	1
